0 164 -9
1 459 2
2 18 0
3 445 -1
4 93 9
5 283 0
6 442 8
7 462 0
7 369 -6
7 135 7
7 183 -3
8 267 6
9 250 7
10 173 3
11 6 10
11 424 2
12 57 10
13 308 3
14 55 2
15 16 -3
16 216 8
17 448 1
18 488 7
18 316 -8
19 218 1
20 130 2
21 434 -4
22 413 -1
23 35 -2
24 46 5
25 307 -2
26 77 -10
26 104 -2
27 220 -3
28 166 -2
28 150 1
29 122 -2
30 400 3
31 244 10
32 305 -4
33 137 5
34 268 5
35 360 -8
36 331 7
37 160 6
38 392 3
38 240 -2
39 391 9
40 193 9
41 278 7
42 60 0
43 417 -5
44 279 -2
45 156 3
46 252 -2
47 15 -8
48 104 -4
49 194 -4
50 199 4
51 478 9
52 377 6
53 72 0
54 259 4
55 75 -5
55 231 6
56 24 -4
57 327 5
58 5 7
59 368 -10
59 71 -9
60 192 0
60 331 -6
61 231 9
62 477 -7
63 274 -1
64 272 0
64 379 3
65 64 2
66 179 3
66 276 -2
67 99 10
68 227 2
69 106 4
69 198 4
70 386 9
71 114 4
72 315 3
73 234 -9
74 333 -7
74 125 6
75 284 4
76 253 -6
77 184 -7
78 56 -4
79 464 -2
80 222 -1
81 412 -1
82 191 3
83 186 4
84 281 4
85 323 7
86 361 -7
87 411 -8
88 96 9
89 426 -6
89 102 -6
90 452 -10
91 256 -8
92 215 -2
93 304 0
94 468 -4
95 100 4
96 439 10
97 196 4
97 495 -7
98 295 -3
99 476 3
100 419 -9
101 287 9
102 310 0
103 481 -4
104 206 -8
105 371 -7
105 35 7
106 348 -5
106 300 -4
107 181 6
108 33 -1
109 294 1
110 79 -6
111 47 -10
112 214 -2
113 19 -9
113 484 9
114 125 -2
115 363 10
116 338 10
117 28 -9
118 364 10
119 111 -2
120 358 5
120 323 -1
121 265 10
122 157 0
123 29 1
124 242 -4
124 64 8
125 140 -5
126 492 7
127 11 3
128 270 4
129 162 0
130 238 3
130 235 -2
131 120 6
132 324 -3
133 144 7
134 275 -5
135 309 -8
136 343 9
137 205 5
138 463 8
139 141 -1
139 212 5
140 379 8
141 326 -1
141 439 -6
142 301 4
143 449 -8
144 406 4
145 432 8
146 225 -7
147 146 9
148 395 -7
149 203 -3
150 282 3
151 369 9
151 358 -1
151 167 3
152 54 5
153 313 9
154 177 2
154 234 10
155 230 -7
155 252 -7
156 53 1
157 355 -2
158 31 -3
159 102 -2
160 4 10
161 482 0
162 223 2
163 210 7
164 383 -7
165 306 6
166 350 5
167 450 -5
168 240 8
169 381 -10
170 88 8
171 393 0
172 390 -3
173 342 -5
173 319 2
174 483 -8
175 170 3
176 433 -2
177 397 7
178 212 8
179 133 0
180 370 -8
180 112 10
181 189 2
182 95 6
183 49 8
184 262 3
185 316 7
186 325 -1
187 334 9
187 46 2
188 374 -3
188 344 -2
189 83 4
189 111 4
190 201 -10
191 347 5
192 422 2
193 63 5
194 480 3
195 197 -3
196 339 -5
197 32 -7
198 132 -1
199 297 4
200 62 -3
201 418 2
202 255 -1
203 387 -2
204 298 -4
205 161 4
206 247 8
207 182 -5
208 145 2
208 480 -2
209 74 6
209 170 0
209 445 10
210 251 -4
210 355 5
210 22 0
210 289 -5
211 129 3
212 472 8
212 335 -7
213 127 4
214 486 6
215 479 -9
216 302 8
217 154 -1
217 353 -2
218 118 -3
219 299 -3
220 469 -6
221 416 -5
222 431 8
223 41 -1
224 312 4
225 421 8
225 51 6
226 495 -10
226 483 1
227 151 -5
227 85 -1
227 486 -3
228 245 6
229 112 2
230 362 4
231 264 7
232 454 3
233 261 -3
233 282 -6
233 432 -1
234 329 -9
235 373 -3
236 409 -9
237 353 4
237 465 -1
238 296 7
239 405 -1
240 402 2
241 446 -10
242 42 4
243 65 9
243 229 1
244 8 -2
245 211 -1
246 396 2
247 200 10
248 43 0
249 228 -1
250 165 -10
251 443 1
252 260 8
253 314 -3
254 384 -2
254 467 8
255 335 -6
256 430 -1
257 178 2
258 119 9
259 91 -10
260 70 6
261 401 -2
262 207 -3
263 76 -6
263 422 -10
264 224 5
265 169 0
265 185 9
266 254 3
267 485 5
268 30 -7
269 466 -4
269 58 -8
270 239 -2
271 276 -8
271 256 -2
272 423 -10
273 87 -1
274 235 -9
275 474 -1
276 82 -3
276 214 8
277 341 8
278 21 -6
278 461 10
279 456 8
280 269 -9
281 243 8
282 40 4
282 390 7
283 128 1
284 39 -6
285 352 2
286 336 9
287 13 -9
288 318 -2
289 389 0
289 442 -9
290 108 8
291 198 -8
292 340 -10
292 196 -3
293 493 -10
294 440 -8
295 185 -5
296 286 7
296 337 5
296 186 -6
297 131 -4
298 219 -1
299 134 1
300 149 5
301 229 -1
302 44 -10
303 50 4
304 188 -8
305 487 0
306 271 -4
307 167 1
308 258 0
309 176 -3
310 372 -3
311 36 -7
312 356 3
313 38 6
314 351 2
315 209 9
316 321 -8
317 17 -10
317 349 -3
318 457 2
319 152 10
320 289 -8
320 367 5
321 424 -5
321 49 10
322 2 0
323 171 9
324 322 -2
324 360 -7
325 232 8
326 175 -4
328 404 6
329 202 7
330 9 -2
331 349 3
332 366 4
333 403 2
333 77 5
334 213 -8
335 376 10
336 300 -3
336 445 7
337 365 4
338 23 -4
339 288 -9
339 108 10
340 407 -9
341 465 2
342 115 6
343 107 -3
344 337 -2
345 89 -3
346 52 5
347 473 7
348 489 5
349 470 9
350 467 -7
351 471 -6
352 499 5
353 85 6
354 382 4
355 330 9
356 159 8
357 81 -5
358 180 -5
359 332 5
360 98 -5
361 103 8
361 467 2
362 237 -6
363 61 -2
364 385 -8
365 84 -3
366 101 -8
367 290 -10
368 163 6
369 217 8
370 37 -1
371 90 8
371 152 8
372 344 -8
373 22 -1
374 453 -1
375 123 -4
376 380 5
377 71 10
378 241 -4
379 12 3
380 367 -7
381 34 3
382 10 -6
382 445 0
383 45 9
384 497 -8
385 437 10
386 427 -1
386 494 -3
387 398 3
387 255 10
388 3 8
389 7 9
390 110 10
391 460 7
392 69 7
392 337 -6
393 153 4
394 155 -3
395 116 -4
396 425 5
397 139 -10
398 190 5
399 319 5
400 461 1
401 291 4
401 465 6
402 48 2
402 276 1
403 415 8
403 259 -2
404 436 1
405 195 -2
406 280 3
407 408 -3
408 187 5
408 89 -7
409 494 -6
410 221 -7
411 311 -3
412 388 9
413 135 4
414 142 -7
415 92 -4
416 105 -1
416 445 -3
417 375 5
418 14 0
419 394 7
420 67 -8
420 1 -1
421 484 -9
421 232 -8
422 266 -2
423 248 5
424 150 -10
425 345 2
425 84 -2
426 26 10
426 250 9
427 204 -7
428 158 -2
429 78 -5
430 1 -3
430 467 -7
431 498 1
432 277 -10
433 183 10
434 68 3
435 27 -6
436 58 3
437 293 -9
437 185 -7
438 273 8
439 303 0
439 82 0
439 273 2
440 121 6
440 346 2
441 73 -2
442 246 -4
443 320 3
443 76 4
444 148 9
445 414 4
446 435 9
447 51 8
448 20 -1
449 66 3
450 475 9
451 109 3
452 168 -1
452 482 7
453 94 -3
454 447 -1
455 328 7
456 496 -9
457 124 0
458 429 7
459 80 -3
460 257 -10
460 411 4
461 354 10
461 305 -10
462 249 -7
462 14 -9
462 146 -3
463 236 10
464 174 -6
465 317 5
466 208 3
466 310 5
467 285 -8
468 292 -6
469 86 5
470 136 9
471 143 -4
471 306 6
472 420 -10
473 399 -3
474 126 -10
475 410 9
476 97 -6
477 147 -1
478 444 -9
479 59 3
480 490 -7
481 25 4
482 117 -5
483 357 -9
484 491 1
485 233 10
486 359 7
487 458 -7
488 263 -8
489 428 4
490 172 7
491 451 7
492 441 -6
493 378 -3
494 438 -6
494 302 0
495 113 7
495 412 -1
495 433 7
496 346 -5
497 226 5
497 10 -9
498 455 5
499 138 -8
